今日(2023-07-06)共有1支新债上市,目前市面上活跃转债数量为495支
今日转股价变化监控：
123150.SZ 九强转债转股价昨日为17.53,今日为17.55,变化幅度为0.11%
123018.SZ 溢利转债转股价昨日为8.15,今日为8.05,变化幅度为-1.23%
123114.SZ 三角转债转股价昨日为31.84,今日为31.74,变化幅度为-0.31%
118033.SH 华特转债转股价昨日为84.22,今日为83.81,变化幅度为-0.49%
123092.SZ 天壕转债转股价昨日为5.14,今日为5.06,变化幅度为-1.56%
110043.SH 无锡转债转股价昨日为5.63,今日为5.43,变化幅度为-3.55%
118023.SH 广大转债转股价昨日为33.12,今日为33.07,变化幅度为-0.15%
113659.SH 莱克转债转股价昨日为34.2,今日为33.2,变化幅度为-2.92%
今日(2023-07-06)共有1支新债上市,目前市面上活跃转债数量为495支
今日转股价变化监控：
123018.SZ 溢利转债转股价昨日为8.15,今日为8.05,变化幅度为-1.23%
113659.SH 莱克转债转股价昨日为34.2,今日为33.2,变化幅度为-2.92%
123092.SZ 天壕转债转股价昨日为5.14,今日为5.06,变化幅度为-1.56%
123114.SZ 三角转债转股价昨日为31.84,今日为31.74,变化幅度为-0.31%
123150.SZ 九强转债转股价昨日为17.53,今日为17.55,变化幅度为0.11%
118023.SH 广大转债转股价昨日为33.12,今日为33.07,变化幅度为-0.15%
118033.SH 华特转债转股价昨日为84.22,今日为83.81,变化幅度为-0.49%
110043.SH 无锡转债转股价昨日为5.63,今日为5.43,变化幅度为-3.55%
