今日(2023-07-11)共有0支新债上市,目前市面上活跃转债数量为498支
今日转股价变化监控：
128101.SZ 联创转债转股价昨日为13.7,今日为13.69,变化幅度为-0.07%
123157.SZ 科蓝转债转股价昨日为16.02,今日为16.01,变化幅度为-0.06%
123177.SZ 测绘转债转股价昨日为13.48,今日为13.28,变化幅度为-1.48%
123186.SZ 志特转债转股价昨日为40.99,今日为27.22,变化幅度为-33.59%
127072.SZ 博实转债转股价昨日为15.81,今日为15.56,变化幅度为-1.58%
123140.SZ 天地转债转股价昨日为12.32,今日为12.07,变化幅度为-2.03%
今日(2023-07-11)共有0支新债上市,目前市面上活跃转债数量为498支
今日转股价变化监控：
123186.SZ 志特转债转股价昨日为40.99,今日为27.22,变化幅度为-33.59%
123157.SZ 科蓝转债转股价昨日为16.02,今日为16.01,变化幅度为-0.06%
123140.SZ 天地转债转股价昨日为12.32,今日为12.07,变化幅度为-2.03%
123177.SZ 测绘转债转股价昨日为13.48,今日为13.28,变化幅度为-1.48%
127072.SZ 博实转债转股价昨日为15.81,今日为15.56,变化幅度为-1.58%
128101.SZ 联创转债转股价昨日为13.7,今日为13.69,变化幅度为-0.07%
今日(2023-07-11)共有0支新债上市,目前市面上活跃转债数量为498支
今日转股价变化监控：
123177.SZ 测绘转债转股价昨日为13.48,今日为13.28,变化幅度为-1.48%
127072.SZ 博实转债转股价昨日为15.81,今日为15.56,变化幅度为-1.58%
123157.SZ 科蓝转债转股价昨日为16.02,今日为16.01,变化幅度为-0.06%
123140.SZ 天地转债转股价昨日为12.32,今日为12.07,变化幅度为-2.03%
128101.SZ 联创转债转股价昨日为13.7,今日为13.69,变化幅度为-0.07%
123186.SZ 志特转债转股价昨日为40.99,今日为27.22,变化幅度为-33.59%
今日(2023-07-11)共有0支新债上市,目前市面上活跃转债数量为498支
今日转股价变化监控：
123186.SZ 志特转债转股价昨日为40.99,今日为27.22,变化幅度为-33.59%
123157.SZ 科蓝转债转股价昨日为16.02,今日为16.01,变化幅度为-0.06%
123177.SZ 测绘转债转股价昨日为13.48,今日为13.28,变化幅度为-1.48%
127072.SZ 博实转债转股价昨日为15.81,今日为15.56,变化幅度为-1.58%
128101.SZ 联创转债转股价昨日为13.7,今日为13.69,变化幅度为-0.07%
123140.SZ 天地转债转股价昨日为12.32,今日为12.07,变化幅度为-2.03%
今日(2023-07-11)共有0支新债上市,目前市面上活跃转债数量为498支
今日转股价变化监控：
123140.SZ 天地转债转股价昨日为12.32,今日为12.07,变化幅度为-2.03%
127072.SZ 博实转债转股价昨日为15.81,今日为15.56,变化幅度为-1.58%
123186.SZ 志特转债转股价昨日为40.99,今日为27.22,变化幅度为-33.59%
123157.SZ 科蓝转债转股价昨日为16.02,今日为16.01,变化幅度为-0.06%
123177.SZ 测绘转债转股价昨日为13.48,今日为13.28,变化幅度为-1.48%
128101.SZ 联创转债转股价昨日为13.7,今日为13.69,变化幅度为-0.07%
