今日(2023-07-20)共有1支新债上市,目前市面上活跃转债数量为504支
今日转股价变化监控：
113021.SH 中信转债转股价昨日为6.43,今日为6.1,变化幅度为-5.13%
113056.SH 重银转债转股价昨日为10.89,今日为10.5,变化幅度为-3.58%
128133.SZ 奇正转债转股价昨日为23.26,今日为22.87,变化幅度为-1.68%
今日(2023-07-20)共有0支新债上市,目前市面上活跃转债数量为504支
今日转股价变化监控：
128133.SZ 奇正转债转股价昨日为23.26,今日为22.87,变化幅度为-1.68%
113056.SH 重银转债转股价昨日为10.89,今日为10.5,变化幅度为-3.58%
118036.SH N力合转转股价昨日为nan,今日为43.78,变化幅度为nan%
113021.SH 中信转债转股价昨日为6.43,今日为6.1,变化幅度为-5.13%
今日(2023-07-20)共有0支新债上市,目前市面上活跃转债数量为504支
今日转股价变化监控：
113056.SH 重银转债转股价昨日为10.89,今日为10.5,变化幅度为-3.58%
128133.SZ 奇正转债转股价昨日为23.26,今日为22.87,变化幅度为-1.68%
113021.SH 中信转债转股价昨日为6.43,今日为6.1,变化幅度为-5.13%
118036.SH N力合转转股价昨日为nan,今日为43.78,变化幅度为nan%
